>Ama87I_BsiSI
0,50
1,376940
2,0
3,0
4,13302
5,10204
6,14354
7,12921
8,9735
9,11131
10,9105
11,8188
12,9263
13,9516
14,8278
15,8914
16,9984
17,16458
18,9549
19,9406
20,8270
21,8207
22,8854
23,9275
24,12563
25,8116
26,8126
27,8048
28,10539
29,8723
30,11017
31,37600
32,40038
33,11924
34,9835
35,31595
36,9664
37,37833
38,7839
39,7657
40,11547
41,8194
42,6517
43,6655
44,8025
45,7614
46,6242
47,6276
48,7187
49,12804
50,9004
51,7833
52,7692
53,5912
54,6429
55,6134
56,6152
57,6146
58,5889
59,5665
60,5779
61,6345
62,5131
63,5451
64,4955
65,5566
66,7765
67,20557
68,20990
69,7102
70,4802
71,4597
72,4722
73,4765
74,5113
75,5345
76,6155
77,5519
78,4870
79,4514
80,5219
81,4808
82,5252
83,4452
84,4777
85,7855
86,4624
87,4590
88,3921
89,4299
90,4423
91,3962
92,4051
93,3669
94,3709
95,4086
96,4150
97,4144
98,3857
99,3530
100,3593
101,3500
102,3606
103,3593
104,3941
105,3790
106,3923
107,3962
108,3774
109,3727
110,3475
111,3523
112,3233
113,3642
114,3361
115,3496
116,4956
117,4308
118,3607
119,3423
120,3489
121,3368
122,3756
123,3201
124,3232
125,3258
126,3733
127,3627
128,3377
129,3356
130,3388
131,3548
132,4177
133,8370
134,20416
135,14100
136,7438
137,5423
138,4678
139,4085
140,3884
141,3662
142,3555
143,4327
144,3277
145,3089
146,2871
147,2950
148,2922
149,2782
150,3106
151,2940
152,3025
153,2959
154,2939
155,2843
156,2895
157,3060
158,2854
159,2947
160,2784
161,2775
162,2951
163,3004
164,2902
165,3127
166,2910
167,3432
168,5180
169,7530
170,8922
171,8708
172,7564
173,4633
174,3868
175,3532
176,3232
177,3421
178,2759
179,2648
180,2686
181,2598
182,2632
183,2577
184,2547
185,2492
186,2465
187,2410
188,2357
189,2413
190,2575
191,2518
192,2463
193,2508
194,2332
195,2446
196,2489
197,2498
198,2587
199,2871
200,4410
201,6565
202,7493
203,6548
204,4055
205,3216
206,3022
207,2612
208,2452
209,2459
210,2411
211,2328
212,2229
213,2231
214,2232
215,2127
216,2203
217,2018
218,2073
219,2083
220,2180
221,2122
222,2113
223,2033
224,2118
225,2051
226,2072
227,2072
228,2063
229,2081
230,2119
231,2423
232,2173
233,2385
234,2051
235,1958
236,2098
237,2044
238,2058
239,2140
240,2061
241,2104
242,1994
243,1923
244,1932
245,1921
246,1989
247,2016
248,2045
249,1987
250,2108
251,2185
252,2150
253,2049
254,1971
255,1938
256,1967
257,1984
258,1937
259,1970
260,1889
261,1842
262,1896
263,1919
264,1833
265,1835
266,1894
267,1873
268,1910
269,1944
270,1962
271,1881
272,1939
273,1751
274,1821
275,1787
276,1861
277,1758
278,1848
279,1910
280,1899
281,1895
282,1792
283,1799
284,1879
285,1895
286,1893
287,1731
288,1780
289,1906
290,1686
291,1803
292,1786
293,1771
294,1745
295,1788
296,1821
297,1726
298,1822
299,1707
300,1854
301,1845
302,1796
303,1716
304,1860
305,1763
306,1903
307,1839
308,1741
309,1753
310,1687
311,1805
312,1731
313,1631
314,1760
315,1727
316,1710
317,1601
318,1621
319,1705
320,1749
321,1619
322,1586
323,1725
324,1725
325,1665
326,1590
327,1638
328,1617
329,1596
330,1695
331,1669
332,1550
333,1758
334,3396
335,1698
336,1679
337,1588
338,1755
339,1650
340,1693
341,1703
342,1633
343,1678
344,1646
345,1575
346,1561
347,1532
348,1545
349,1649
350,1552
351,1487
352,1596
353,1540
354,1690
355,2438
356,1664
357,2435
358,1590
359,1526
360,1501
361,1502
362,1541
363,1508
364,1435
365,1486
366,1492
367,1614
368,1460
369,1502
370,1550
371,1431
372,1501
373,1511
374,1497
375,1485
376,1455
377,1486
378,1501
379,1401
380,1484
381,1530
382,1511
383,1472
384,1409
385,1387
386,1406
387,1445
388,1478
389,1406
390,1398
391,1436
392,1408
393,1430
394,1445
395,1434
396,1455
397,1387
398,1395
399,1384
400,1330
401,1425
402,1348
403,1382
404,1463
405,1450
406,1448
407,1391
408,1486
409,1423
410,1443
411,1372
412,1407
413,1385
414,1389
415,1393
416,1395
417,1291
418,1308
419,1360
420,1384
421,1290
422,1335
423,1366
424,1344
425,1418
426,1345
427,1316
428,1322
429,1314
430,1346
431,1288
432,1251
433,1359
434,1322
435,1312
436,1359
437,1395
438,1285
439,1354
440,1305
441,1233
442,1303
443,1254
444,1254
445,1327
446,1277
447,1388
448,1340
449,1268
450,1309
451,1287
452,1328
453,1180
454,1272
455,1303
456,1255
457,1250
458,1217
459,1182
460,1205
461,1174
462,1253
463,1259
464,1159
465,1246
466,1259
467,1268
468,1311
469,1213
470,1301
471,1239
472,1264
473,1211
474,1251
475,1199
476,1233
477,1231
478,1267
479,1236
480,1295
481,1237
482,1321
483,2100
484,1228
485,1260
486,1249
487,1140
488,1161
489,1169
490,1178
491,1136
492,1276
493,1241
494,1195
495,1178
496,1172
497,1190
498,1202
499,1124
500,1209
501,1134
502,1204
503,1188
504,1132
505,1165
506,1192
507,1159
508,1160
509,1183
510,1220
511,1196
512,1214
513,1208
514,1206
515,1112
516,1088
517,1318
518,1142
519,1115
520,1138
521,1048
522,1132
523,1112
524,1165
525,1086
526,1142
527,1074
528,1105
529,1123
530,1137
531,1117
532,1102
533,1086
534,1084
535,1055
536,1086
537,1033
538,1174
539,1116
540,1080
541,1092
542,1097
543,1049
544,1148
545,1058
546,1108
547,1115
548,1063
549,1066
550,1132
551,1048
552,1071
553,1163
554,1053
555,1147
556,1002
557,1066
558,1093
559,1106
560,1083
561,1073
562,1074
563,1105
564,1023
565,1073
566,1011
567,1051
568,1076
569,1027
570,1066
571,1091
572,1034
573,1107
574,1075
575,1054
576,1067
577,1037
578,1027
579,1044
580,1159
581,1040
582,1036
583,1035
584,1078
585,1054
586,980
587,941
588,1011
589,949
590,1008
591,960
592,996
593,1067
594,990
595,971
596,1020
597,1009
598,1083
599,956
600,1035
601,1003
602,998
603,1038
604,987
605,1038
606,1018
607,981
608,1000
609,993
610,960
611,1061
612,981
613,1030
614,990
615,993
616,979
617,978
618,936
619,929
620,981
621,923
622,1012
623,952
624,981
625,947
626,948
627,956
628,971
629,978
630,946
631,914
632,955
633,992
634,907
635,919
636,922
637,939
638,954
639,966
640,942
641,1007
642,973
643,949
644,944
645,954
646,917
647,874
648,940
649,966
650,961
651,928
652,906
653,939
654,900
655,972
656,914
657,934
658,883
659,898
660,894
661,925
662,878
663,938
664,845
665,848
666,898
667,916
668,836
669,916
670,960
671,912
672,842
673,785
674,871
675,847
676,875
677,867
678,929
679,890
680,928
681,895
682,849
683,850
684,868
685,880
686,846
687,932
688,852
689,966
690,900
691,975
692,820
693,890
694,843
695,889
696,751
697,877
698,826
699,861
700,860
701,813
702,831
703,871
704,814
705,861
706,854
707,845
708,829
709,794
710,844
711,886
712,880
713,827
714,905
715,892
716,897
717,839
718,795
719,838
720,824
721,829
722,812
723,836
724,788
725,818
726,817
727,803
728,825
729,852
730,851
731,821
732,829
733,795
734,802
735,820
736,835
737,843
738,805
739,833
740,791
741,866
742,809
743,788
744,764
745,760
746,810
747,814
748,801
749,795
750,837
751,808
752,837
753,776
754,791
755,823
756,788
757,822
758,758
759,772
760,825
761,854
762,800
763,808
764,760
765,744
766,823
767,748
768,756
769,772
770,751
771,827
772,836
773,782
774,780
775,816
776,823
777,732
778,841
779,723
780,753
781,760
782,779
783,783
784,759
785,780
786,753
787,788
788,763
789,769
790,709
791,719
792,730
793,783
794,729
795,767
796,755
797,713
798,776
799,748
800,732
801,751
802,733
803,753
804,743
805,713
806,749
807,741
808,699
809,714
810,715
811,739
812,721
813,723
814,695
815,755
816,753
817,845
818,739
819,691
820,708
821,718
822,757
823,737
824,743
825,690
826,707
827,735
828,724
829,743
830,723
831,735
832,697
833,727
834,720
835,698
836,699
837,698
838,749
839,698
840,720
841,667
842,653
843,743
844,685
845,691
846,693
847,730
848,723
849,733
850,675
851,670
852,736
853,718
854,678
855,671
856,681
857,716
858,654
859,682
860,729
861,692
862,736
863,660
864,714
865,667
866,633
867,708
868,678
869,653
870,700
871,696
872,687
873,725
874,642
875,711
876,694
877,682
878,697
879,690
880,681
881,655
882,710
883,718
884,667
885,704
886,765
887,777
888,701
889,754
890,670
891,676
892,718
893,699
894,680
895,678
896,665
897,655
898,612
899,701
900,624
901,657
902,640
903,665
904,675
905,628
906,682
907,686
908,703
909,664
910,661
911,613
912,622
913,672
914,673
915,638
916,554
917,666
918,672
919,605
920,658
921,636
922,697
923,615
924,582
925,643
926,596
927,675
928,686
929,654
930,666
931,601
932,629
933,613
934,640
935,610
936,629
937,619
938,659
939,584
940,632
941,644
942,637
943,666
944,645
945,730
946,648
947,635
948,633
949,657
950,629
951,625
952,653
953,629
954,694
955,693
956,582
957,625
958,600
959,656
960,604
961,623
962,590
963,592
964,626
965,549
966,597
967,582
968,609
969,597
970,603
971,606
972,591
973,596
974,613
975,625
976,614
977,594
978,517
979,635
980,574
981,522
982,579
983,563
984,590
985,624
986,645
987,619
988,607
989,585
990,601
991,622
992,627
993,583
994,595
995,575
996,571
997,604
998,608
999,591
1000,617
>BsiSI_BstDSI
0,50
1,0
2,0
3,0
4,14249
5,11097
6,18084
7,16429
8,12591
9,15109
10,12756
11,10753
12,12208
13,11735
14,10817
15,11632
16,12848
17,19290
18,12810
19,12240
20,11180
21,10837
22,10531
23,11192
24,15034
25,10671
26,9851
27,10082
28,12261
29,10490
30,10412
31,13542
32,14063
33,11073
34,9298
35,9635
36,10109
37,16386
38,9523
39,9125
40,14373
41,10172
42,9106
43,8172
44,10038
45,9698
46,8904
47,7530
48,8776
49,13183
50,11988
51,9226
52,10485
53,7805
54,8262
55,8112
56,7275
57,7160
58,6727
59,7696
60,6693
61,7074
62,7144
63,6715
64,7176
65,7130
66,8285
67,10828
68,51426
69,8620
70,6445
71,5909
72,5985
73,5764
74,5698
75,5751
76,6727
77,6271
78,5811
79,5662
80,6645
81,5382
82,6289
83,5192
84,5875
85,8716
86,5699
87,5744
88,5000
89,5250
90,5418
91,5206
92,5745
93,4953
94,5270
95,4808
96,5149
97,5202
98,4927
99,4770
100,4659
101,4837
102,4510
103,4841
104,4860
105,5055
106,5066
107,4835
108,4968
109,4615
110,4613
111,4547
112,4397
113,5656
114,4248
115,4944
116,6016
117,5334
118,5129
119,4228
120,4481
121,4320
122,4291
123,3998
124,4213
125,4351
126,4648
127,4371
128,4591
129,4387
130,4380
131,4607
132,4927
133,9139
134,21060
135,14909
136,8158
137,6384
138,5558
139,4944
140,4567
141,4358
142,4079
143,5063
144,4057
145,3868
146,3748
147,3844
148,3732
149,3573
150,3790
151,3551
152,3592
153,3897
154,3803
155,3728
156,3805
157,3804
158,3608
159,3532
160,3555
161,3458
162,3537
163,3551
164,3556
165,3526
166,3420
167,3367
168,3483
169,3692
170,3906
171,3975
172,3839
173,3373
174,3533
175,3464
176,3467
177,3400
178,3391
179,3208
180,3556
181,3337
182,3591
183,3482
184,3642
185,5108
186,3817
187,5259
188,3463
189,3341
190,3260
191,3295
192,3416
193,3608
194,3402
195,3559
196,3677
197,3566
198,3406
199,3754
200,4384
201,7456
202,10989
203,10090
204,5537
205,4401
206,3994
207,3688
208,3323
209,3199
210,3130
211,3269
212,2981
213,2945
214,2935
215,2823
216,2800
217,2731
218,2784
219,2738
220,2914
221,2749
222,2763
223,2701
224,2796
225,2769
226,2825
227,2823
228,2810
229,2831
230,2836
231,2891
232,2887
233,2823
234,2873
235,2680
236,2760
237,2748
238,2816
239,2846
240,2736
241,2801
242,2674
243,2712
244,2604
245,2607
246,2707
247,2719
248,2791
249,2632
250,2750
251,2779
252,2897
253,2826
254,2711
255,2658
256,2568
257,2672
258,2700
259,2691
260,2543
261,2545
262,2515
263,2551
264,2454
265,2537
266,2701
267,2764
268,2669
269,2573
270,2511
271,2452
272,2526
273,2378
274,2365
275,2558
276,2409
277,2595
278,3108
279,3667
280,2731
281,2547
282,2517
283,2329
284,2260
285,2482
286,2424
287,2344
288,2368
289,2530
290,2446
291,2533
292,2490
293,2525
294,2508
295,2569
296,2681
297,2930
298,2507
299,2436
300,2391
301,2535
302,2335
303,2368
304,2263
305,2377
306,2383
307,2372
308,2392
309,2408
310,2225
311,2283
312,2313
313,2177
314,2243
315,2271
316,2247
317,2178
318,2218
319,2142
320,2241
321,2223
322,2175
323,2199
324,2274
325,2240
326,2173
327,2067
328,2174
329,2128
330,2222
331,2164
332,2162
333,2213
334,2274
335,2235
336,2125
337,2142
338,2190
339,2098
340,2124
341,2140
342,2181
343,2081
344,2141
345,2118
346,2088
347,1903
348,1983
349,2000
350,1984
351,1996
352,1986
353,1932
354,2066
355,2034
356,1966
357,1982
358,2043
359,1995
360,1935
361,1979
362,2015
363,1974
364,2032
365,2061
366,2053
367,2008
368,1953
369,1986
370,2024
371,1970
372,2046
373,2007
374,2002
375,2024
376,1946
377,1852
378,1989
379,1974
380,2013
381,1981
382,1945
383,1968
384,1862
385,1892
386,1887
387,1926
388,1943
389,1947
390,1891
391,1912
392,1865
393,1951
394,2071
395,1928
396,2016
397,1944
398,1827
399,1890
400,1849
401,1940
402,1877
403,1930
404,1980
405,1917
406,1896
407,1879
408,1826
409,1773
410,1742
411,1825
412,1886
413,1778
414,1830
415,1915
416,1841
417,1806
418,1864
419,1800
420,1839
421,1804
422,1843
423,1903
424,1714
425,1777
426,1774
427,1749
428,1837
429,1735
430,1807
431,1784
432,1690
433,1722
434,1842
435,1774
436,1765
437,1778
438,1761
439,1822
440,1778
441,1699
442,1729
443,1698
444,1799
445,1809
446,1743
447,1763
448,1835
449,1771
450,1774
451,1761
452,1723
453,1703
454,1694
455,1752
456,1859
457,1642
458,1745
459,1594
460,1641
461,1666
462,1692
463,1620
464,1651
465,1578
466,1659
467,1661
468,1720
469,1636
470,1649
471,1635
472,1640
473,1609
474,1608
475,1555
476,1623
477,1605
478,1594
479,1581
480,1616
481,1575
482,1623
483,1639
484,1555
485,1586
486,1625
487,1537
488,1652
489,1563
490,1551
491,1544
492,1633
493,1563
494,1593
495,1611
496,1579
497,1567
498,1607
499,1531
500,1588
501,1529
502,1480
503,1553
504,1524
505,1592
506,1589
507,1523
508,1496
509,1487
510,1515
511,1479
512,1545
513,1549
514,1515
515,1458
516,1497
517,1529
518,1469
519,1435
520,1469
521,1479
522,1559
523,1482
524,1521
525,1544
526,1491
527,1472
528,1518
529,1443
530,1549
531,1554
532,1541
533,1447
534,1432
535,1432
536,1502
537,1414
538,1482
539,1513
540,1441
541,1405
542,1409
543,1420
544,1427
545,1406
546,1473
547,1436
548,1485
549,1545
550,1442
551,1457
552,1363
553,1431
554,1375
555,1425
556,1418
557,1476
558,1418
559,1492
560,1442
561,1459
562,1483
563,1410
564,1393
565,1434
566,1428
567,1354
568,1425
569,1344
570,1398
571,1402
572,1365
573,1343
574,1393
575,1394
576,1369
577,1345
578,1406
579,1380
580,1511
581,1335
582,1366
583,1375
584,1424
585,1341
586,1324
587,1296
588,1348
589,1267
590,1324
591,1340
592,1363
593,1398
594,1333
595,1339
596,1324
597,1274
598,1434
599,1248
600,1418
601,1263
602,1381
603,1355
604,1353
605,1295
606,1402
607,1357
608,1272
609,1318
610,1224
611,1318
612,1295
613,1313
614,1287
615,1260
616,1293
617,1268
618,1277
619,1203
620,1216
621,1300
622,1340
623,1326
624,1259
625,1213
626,1261
627,1316
628,1302
629,1208
630,1214
631,1268
632,1252
633,1320
634,1186
635,1212
636,1303
637,1232
638,1236
639,1187
640,1294
641,1286
642,1302
643,1221
644,1213
645,1259
646,1252
647,1197
648,1249
649,1186
650,1282
651,1272
652,1231
653,1198
654,1213
655,1209
656,1200
657,1223
658,1266
659,1175
660,1191
661,1200
662,1227
663,1244
664,1164
665,1160
666,1207
667,1172
668,1155
669,1178
670,1259
671,1193
672,1152
673,1138
674,1161
675,1189
676,1246
677,1124
678,1184
679,1169
680,1236
681,1222
682,1189
683,1193
684,1170
685,1179
686,1112
687,1111
688,1159
689,1180
690,1134
691,1171
692,1156
693,1182
694,1256
695,1256
696,1179
697,1229
698,1223
699,1145
700,1163
701,1047
702,1118
703,1110
704,1119
705,1128
706,1138
707,1129
708,1115
709,1101
710,1127
711,1162
712,1138
713,1052
714,1140
715,1145
716,1106
717,1064
718,1124
719,1139
720,1119
721,1136
722,1046
723,1043
724,1101
725,1105
726,1111
727,1060
728,1053
729,1084
730,1087
731,1097
732,1078
733,1118
734,1113
735,1075
736,1087
737,1110
738,1087
739,1085
740,1105
741,1052
742,1104
743,1082
744,1068
745,1078
746,989
747,1089
748,1049
749,1043
750,1073
751,1050
752,1088
753,1095
754,1065
755,1018
756,1044
757,1061
758,947
759,1028
760,1012
761,1015
762,1021
763,1008
764,1005
765,1058
766,1060
767,1050
768,996
769,1038
770,1039
771,1090
772,1028
773,982
774,1066
775,992
776,1042
777,1024
778,1046
779,949
780,1073
781,1015
782,980
783,997
784,1024
785,1015
786,949
787,990
788,980
789,988
790,958
791,985
792,1029
793,980
794,1013
795,988
796,1061
797,960
798,1054
799,1027
800,986
801,1003
802,998
803,950
804,951
805,974
806,953
807,985
808,927
809,882
810,926
811,959
812,1004
813,948
814,973
815,958
816,973
817,980
818,937
819,930
820,914
821,940
822,934
823,969
824,991
825,1023
826,913
827,990
828,973
829,922
830,966
831,918
832,950
833,976
834,993
835,962
836,961
837,965
838,970
839,998
840,1001
841,962
842,988
843,996
844,919
845,958
846,882
847,914
848,894
849,918
850,891
851,948
852,899
853,956
854,968
855,906
856,921
857,950
858,943
859,979
860,915
861,981
862,980
863,943
864,949
865,908
866,958
867,966
868,942
869,929
870,890
871,903
872,912
873,966
874,883
875,921
876,882
877,936
878,914
879,932
880,897
881,882
882,913
883,879
884,821
885,961
886,902
887,887
888,880
889,893
890,904
891,919
892,848
893,936
894,846
895,863
896,872
897,918
898,835
899,899
900,813
901,823
902,867
903,856
904,968
905,826
906,867
907,945
908,913
909,899
910,873
911,793
912,865
913,858
914,891
915,898
916,839
917,829
918,848
919,774
920,882
921,801
922,849
923,821
924,822
925,849
926,811
927,843
928,828
929,785
930,825
931,839
932,852
933,867
934,911
935,820
936,742
937,800
938,785
939,814
940,860
941,828
942,888
943,943
944,848
945,833
946,835
947,833
948,861
949,810
950,826
951,838
952,882
953,871
954,854
955,843
956,797
957,800
958,785
959,876
960,860
961,844
962,853
963,775
964,825
965,742
966,789
967,781
968,806
969,811
970,793
971,823
972,826
973,774
974,847
975,830
976,835
977,803
978,807
979,838
980,772
981,718
982,790
983,775
984,811
985,780
986,782
987,812
988,776
989,770
990,704
991,756
992,791
993,789
994,755
995,745
996,753
997,777
998,768
999,714
1000,756
>BsaWI_BsiSI
0,50
1,280263
2,0
3,0
4,11071
5,9346
6,10959
7,8376
8,7086
9,7137
10,6323
11,5913
12,6836
13,6897
14,6008
15,6399
16,7295
17,13927
18,7421
19,7119
20,5988
21,6235
22,5870
23,6640
24,10278
25,5835
26,5653
27,5912
28,8221
29,6392
30,7544
31,8021
32,10015
33,6451
34,5745
35,5613
36,7560
37,11022
38,5780
39,5483
40,10223
41,6200
42,4983
43,4540
44,5656
45,6520
46,4910
47,4596
48,5647
49,10082
50,8511
51,5414
52,6917
53,4747
54,4968
55,5029
56,4349
57,4451
58,3997
59,4886
60,4216
61,4272
62,3739
63,3781
64,3815
65,4975
66,5183
67,8409
68,49205
69,6079
70,3870
71,3462
72,3635
73,3468
74,3495
75,3604
76,4267
77,4121
78,3419
79,3490
80,3966
81,3153
82,3680
83,3115
84,3539
85,6677
86,3427
87,3580
88,2807
89,3371
90,2997
91,2989
92,3175
93,2733
94,2761
95,2825
96,2935
97,3181
98,2892
99,2843
100,2604
101,2620
102,2625
103,2790
104,2991
105,2942
106,3052
107,2935
108,2824
109,2543
110,2446
111,2630
112,2486
113,3097
114,2521
115,2679
116,4277
117,3574
118,3365
119,2503
120,2663
121,2595
122,2815
123,2462
124,2439
125,2425
126,2604
127,2511
128,2477
129,2507
130,2540
131,2764
132,3333
133,7621
134,19802
135,13534
136,6713
137,4741
138,3878
139,3234
140,2874
141,2634
142,2447
143,3452
144,2358
145,2278
146,2123
147,2180
148,2216
149,2129
150,2223
151,2133
152,2209
153,2349
154,2137
155,2067
156,2147
157,2069
158,2112
159,1957
160,1990
161,1944
162,2088
163,2099
164,1981
165,2061
166,2021
167,1940
168,2040
169,2170
170,2390
171,2445
172,2182
173,2014
174,2044
175,2128
176,2056
177,2282
178,1935
179,1775
180,1861
181,1864
182,1910
183,1957
184,1928
185,1824
186,1884
187,1817
188,1810
189,1820
190,2077
191,1993
192,1960
193,1906
194,1801
195,1889
196,1975
197,1948
198,2037
199,2323
200,3100
201,6289
202,9967
203,8990
204,4378
205,3227
206,2744
207,2400
208,2055
209,1892
210,1984
211,1941
212,1704
213,1736
214,1684
215,1635
216,1607
217,1560
218,1591
219,1574
220,1590
221,1546
222,1554
223,1475
224,1559
225,1509
226,1597
227,1530
228,1560
229,1579
230,1505
231,1671
232,1602
233,1613
234,1549
235,1460
236,1512
237,1568
238,1615
239,1594
240,1602
241,1567
242,1529
243,1446
244,1442
245,1416
246,1531
247,1564
248,1620
249,1530
250,1645
251,1662
252,1711
253,1671
254,1516
255,1519
256,1428
257,1437
258,1440
259,1505
260,1394
261,1321
262,1392
263,1459
264,1378
265,1324
266,1378
267,1377
268,1325
269,1372
270,1419
271,1324
272,1381
273,1298
274,1336
275,1258
276,1277
277,1313
278,1339
279,1407
280,1316
281,1397
282,1358
283,1242
284,1234
285,1441
286,1350
287,1310
288,1317
289,1405
290,1290
291,1291
292,1283
293,1298
294,1313
295,1268
296,1362
297,1287
298,1350
299,1273
300,1406
301,1347
302,1257
303,1379
304,1315
305,1307
306,1397
307,1349
308,1369
309,1303
310,1208
311,1320
312,1291
313,1267
314,1295
315,1376
316,1264
317,1221
318,1253
319,1222
320,1282
321,1186
322,1194
323,1233
324,1308
325,1190
326,1196
327,1191
328,1239
329,1199
330,1254
331,1186
332,1150
333,1254
334,1199
335,1172
336,1231
337,1191
338,1241
339,1192
340,1177
341,1256
342,1227
343,1254
344,1197
345,1190
346,1143
347,1056
348,1153
349,1170
350,1160
351,1075
352,1118
353,1073
354,1112
355,1142
356,1123
357,1127
358,1136
359,1107
360,1120
361,1119
362,1116
363,1132
364,1115
365,1146
366,1106
367,1227
368,1117
369,1126
370,1137
371,1135
372,1158
373,1155
374,1147
375,1111
376,1104
377,1130
378,1119
379,1131
380,1138
381,1257
382,1197
383,1137
384,1043
385,1049
386,1066
387,1120
388,1118
389,1098
390,1071
391,1038
392,1064
393,1060
394,1083
395,1057
396,1084
397,1063
398,1057
399,1041
400,1051
401,986
402,1006
403,1066
404,1070
405,1063
406,1107
407,1054
408,1017
409,1021
410,1038
411,1038
412,1045
413,991
414,1040
415,1058
416,1003
417,1001
418,976
419,1042
420,1001
421,1009
422,999
423,1000
424,987
425,997
426,1037
427,1027
428,1025
429,982
430,1035
431,963
432,950
433,986
434,1046
435,1006
436,1056
437,1018
438,1008
439,1021
440,1036
441,970
442,998
443,984
444,990
445,991
446,978
447,1039
448,1015
449,1028
450,963
451,953
452,979
453,912
454,940
455,992
456,939
457,947
458,867
459,940
460,869
461,929
462,978
463,899
464,931
465,939
466,946
467,907
468,969
469,942
470,948
471,973
472,934
473,910
474,995
475,904
476,929
477,937
478,940
479,926
480,933
481,899
482,893
483,970
484,900
485,899
486,946
487,898
488,897
489,891
490,884
491,892
492,913
493,899
494,995
495,916
496,901
497,866
498,914
499,910
500,895
501,870
502,917
503,878
504,864
505,926
506,887
507,876
508,872
509,814
510,845
511,887
512,913
513,891
514,874
515,861
516,827
517,878
518,850
519,824
520,855
521,844
522,828
523,895
524,842
525,852
526,876
527,839
528,874
529,859
530,902
531,882
532,836
533,835
534,822
535,811
536,868
537,812
538,854
539,856
540,810
541,838
542,821
543,857
544,843
545,787
546,835
547,787
548,793
549,842
550,852
551,788
552,807
553,789
554,821
555,760
556,791
557,844
558,812
559,892
560,801
561,859
562,821
563,830
564,793
565,859
566,879
567,787
568,808
569,791
570,805
571,782
572,798
573,827
574,827
575,842
576,810
577,796
578,761
579,928
580,830
581,779
582,827
583,773
584,829
585,792
586,749
587,721
588,798
589,740
590,770
591,749
592,766
593,828
594,770
595,795
596,717
597,762
598,818
599,736
600,770
601,752
602,751
603,781
604,775
605,752
606,805
607,754
608,772
609,712
610,729
611,782
612,738
613,790
614,756
615,700
616,760
617,727
618,719
619,720
620,700
621,749
622,749
623,769
624,746
625,763
626,716
627,737
628,729
629,706
630,735
631,723
632,747
633,763
634,698
635,723
636,775
637,712
638,713
639,765
640,802
641,764
642,755
643,760
644,684
645,779
646,748
647,694
648,770
649,718
650,735
651,752
652,734
653,714
654,736
655,729
656,697
657,738
658,754
659,727
660,732
661,735
662,699
663,752
664,704
665,662
666,686
667,668
668,675
669,713
670,832
671,801
672,650
673,683
674,630
675,703
676,698
677,671
678,665
679,707
680,709
681,721
682,708
683,642
684,670
685,693
686,683
687,671
688,697
689,693
690,661
691,684
692,654
693,714
694,663
695,677
696,641
697,647
698,666
699,655
700,671
701,646
702,650
703,695
704,658
705,670
706,683
707,674
708,626
709,649
710,670
711,695
712,678
713,624
714,722
715,703
716,686
717,618
718,657
719,691
720,639
721,671
722,618
723,684
724,619
725,630
726,619
727,629
728,667
729,671
730,634
731,658
732,662
733,641
734,637
735,686
736,671
737,710
738,671
739,669
740,678
741,639
742,666
743,616
744,663
745,592
746,592
747,637
748,622
749,664
750,602
751,629
752,660
753,590
754,590
755,637
756,659
757,644
758,557
759,618
760,595
761,609
762,609
763,674
764,574
765,606
766,677
767,611
768,630
769,583
770,615
771,654
772,673
773,582
774,619
775,625
776,626
777,591
778,652
779,605
780,612
781,670
782,616
783,589
784,627
785,599
786,559
787,609
788,587
789,587
790,562
791,567
792,587
793,592
794,611
795,599
796,609
797,545
798,620
799,625
800,553
801,576
802,592
803,581
804,567
805,587
806,586
807,558
808,558
809,556
810,537
811,580
812,585
813,571
814,571
815,585
816,587
817,594
818,569
819,546
820,567
821,582
822,564
823,604
824,600
825,571
826,552
827,552
828,568
829,535
830,559
831,579
832,578
833,598
834,613
835,558
836,535
837,583
838,585
839,552
840,580
841,520
842,501
843,564
844,540
845,554
846,536
847,559
848,556
849,565
850,523
851,571
852,592
853,562
854,558
855,542
856,545
857,544
858,532
859,569
860,534
861,564
862,572
863,546
864,553
865,542
866,542
867,602
868,522
869,547
870,530
871,575
872,541
873,556
874,511
875,558
876,547
877,553
878,532
879,541
880,551
881,501
882,551
883,564
884,510
885,555
886,568
887,574
888,512
889,532
890,500
891,553
892,523
893,571
894,499
895,532
896,564
897,543
898,539
899,541
900,520
901,477
902,519
903,550
904,522
905,503
906,508
907,537
908,567
909,534
910,526
911,504
912,491
913,542
914,552
915,504
916,474
917,494
918,512
919,477
920,511
921,508
922,550
923,481
924,465
925,517
926,515
927,526
928,521
929,540
930,513
931,521
932,520
933,507
934,537
935,453
936,486
937,512
938,517
939,467
940,489
941,508
942,499
943,527
944,485
945,507
946,545
947,518
948,524
949,535
950,504
951,488
952,516
953,519
954,593
955,525
956,499
957,505
958,445
959,563
960,492
961,506
962,514
963,501
964,481
965,476
966,483
967,487
968,477
969,472
970,504
971,502
972,497
973,483
974,509
975,519
976,503
977,479
978,459
979,504
980,477
981,414
982,490
983,462
984,516
985,450
986,496
987,507
988,479
989,502
990,450
991,493
992,511
993,500
994,492
995,455
996,469
997,499
998,482
999,432
1000,490
>Ama87I_BsaWI
0,50
1,0
2,0
3,0
4,0
5,0
6,1402
7,1539
8,1504
9,1283
10,1187
11,1118
12,1140
13,1015
14,1150
15,1195
16,1336
17,1467
18,1371
19,1257
20,1223
21,1223
22,1198
23,2055
24,1781
25,1270
26,1695
27,1356
28,1350
29,1650
30,1555
31,5434
32,52056
33,2415
34,1436
35,1340
36,2072
37,1321
38,1297
39,1199
40,1325
41,1393
42,1323
43,1174
44,1413
45,1287
46,1187
47,1109
48,1192
49,1369
50,2674
51,1324
52,1230
53,1048
54,1205
55,1206
56,1292
57,1034
58,1025
59,1017
60,1358
61,997
62,1059
63,915
64,968
65,1027
66,1039
67,1007
68,1332
69,950
70,1050
71,914
72,986
73,936
74,961
75,1308
76,1248
77,910
78,1015
79,925
80,969
81,1060
82,1903
83,944
84,995
85,912
86,861
87,915
88,968
89,993
90,1206
91,870
92,845
93,887
94,986
95,1214
96,1069
97,1000
98,941
99,880
100,931
101,986
102,993
103,1025
104,920
105,978
106,909
107,1129
108,1563
109,1455
110,1154
111,1010
112,893
113,850
114,763
115,765
116,864
117,845
118,869
119,793
120,810
121,829
122,768
123,803
124,864
125,845
126,998
127,1175
128,977
129,883
130,856
131,1004
132,879
133,915
134,998
135,957
136,831
137,845
138,825
139,815
140,917
141,1186
142,1018
143,870
144,813
145,771
146,767
147,826
148,789
149,859
150,788
151,789
152,816
153,769
154,789
155,768
156,759
157,771
158,760
159,854
160,783
161,764
162,982
163,996
164,793
165,790
166,779
167,832
168,873
169,830
170,861
171,904
172,789
173,768
174,729
175,886
176,836
177,834
178,788
179,734
180,716
181,663
182,747
183,746
184,696
185,693
186,723
187,693
188,698
189,717
190,662
191,706
192,746
193,686
194,684
195,768
196,685
197,742
198,703
199,769
200,741
201,753
202,773
203,806
204,735
205,721
206,729
207,776
208,703
209,724
210,697
211,682
212,710
213,718
214,688
215,716
216,684
217,718
218,683
219,693
220,638
221,713
222,672
223,706
224,645
225,654
226,681
227,685
228,670
229,668
230,679
231,699
232,696
233,674
234,707
235,692
236,721
237,711
238,632
239,619
240,642
241,687
242,668
243,643
244,645
245,617
246,713
247,649
248,687
249,672
250,662
251,698
252,648
253,635
254,643
255,672
256,624
257,686
258,610
259,660
260,671
261,645
262,629
263,682
264,697
265,722
266,710
267,702
268,689
269,675
270,732
271,757
272,706
273,692
274,641
275,687
276,721
277,723
278,660
279,695
280,703
281,670
282,703
283,697
284,649
285,729
286,707
287,615
288,711
289,703
290,700
291,680
292,744
293,682
294,715
295,744
296,696
297,754
298,707
299,712
300,693
301,681
302,709
303,731
304,777
305,746
306,749
307,676
308,697
309,704
310,728
311,713
312,715
313,652
314,664
315,709
316,650
317,612
318,627
319,657
320,744
321,647
322,663
323,642
324,648
325,647
326,641
327,641
328,627
329,617
330,681
331,680
332,696
333,757
334,2404
335,651
336,609
337,659
338,632
339,619
340,609
341,682
342,664
343,614
344,668
345,641
346,662
347,577
348,624
349,625
350,630
351,631
352,654
353,576
354,676
355,778
356,2411
357,637
358,619
359,588
360,612
361,593
362,582
363,573
364,584
365,546
366,556
367,588
368,583
369,593
370,594
371,581
372,576
373,530
374,619
375,570
376,614
377,628
378,553
379,559
380,580
381,586
382,549
383,566
384,612
385,576
386,543
387,538
388,566
389,531
390,567
391,551
392,574
393,610
394,567
395,588
396,596
397,607
398,574
399,515
400,577
401,546
402,533
403,611
404,571
405,599
406,535
407,553
408,637
409,612
410,571
411,527
412,556
413,589
414,535
415,584
416,566
417,564
418,546
419,548
420,572
421,521
422,552
423,550
424,541
425,529
426,557
427,519
428,558
429,575
430,566
431,496
432,545
433,575
434,587
435,535
436,590
437,550
438,551
439,536
440,571
441,480
442,499
443,574
444,553
445,526
446,542
447,541
448,550
449,516
450,531
451,557
452,507
453,519
454,499
455,571
456,509
457,484
458,517
459,539
460,498
461,478
462,529
463,525
464,484
465,509
466,490
467,541
468,504
469,515
470,525
471,503
472,500
473,526
474,536
475,544
476,529
477,484
478,501
479,540
480,559
481,532
482,604
483,1483
484,584
485,484
486,532
487,514
488,473
489,480
490,517
491,477
492,501
493,506
494,508
495,543
496,497
497,490
498,522
499,521
500,449
501,509
502,533
503,509
504,473
505,504
506,463
507,510
508,473
509,628
510,574
511,485
512,529
513,550
514,455
515,547
516,571
517,699
518,511
519,509
520,513
521,501
522,470
523,477
524,453
525,473
526,525
527,488
528,465
529,463
530,482
531,446
532,496
533,491
534,475
535,474
536,466
537,505
538,477
539,488
540,444
541,459
542,466
543,470
544,442
545,466
546,447
547,565
548,475
549,468
550,435
551,448
552,442
553,488
554,451
555,420
556,456
557,463
558,489
559,455
560,439
561,467
562,509
563,467
564,440
565,427
566,483
567,437
568,439
569,445
570,426
571,447
572,445
573,445
574,462
575,432
576,465
577,474
578,496
579,438
580,434
581,417
582,457
583,450
584,437
585,456
586,452
587,454
588,423
589,427
590,426
591,403
592,493
593,474
594,501
595,458
596,432
597,461
598,468
599,501
600,411
601,444
602,419
603,484
604,495
605,429
606,467
607,448
608,443
609,445
610,466
611,560
612,448
613,429
614,417
615,441
616,444
617,431
618,467
619,463
620,471
621,437
622,458
623,437
624,426
625,450
626,473
627,465
628,432
629,440
630,419
631,423
632,431
633,445
634,456
635,371
636,428
637,444
638,430
639,404
640,414
641,415
642,429
643,433
644,434
645,395
646,418
647,384
648,402
649,442
650,442
651,379
652,432
653,428
654,417
655,428
656,446
657,464
658,408
659,413
660,415
661,393
662,403
663,390
664,417
665,387
666,420
667,451
668,382
669,414
670,435
671,412
672,408
673,417
674,452
675,420
676,431
677,533
678,823
679,548
680,481
681,409
682,414
683,397
684,427
685,419
686,398
687,374
688,417
689,480
690,619
691,420
692,450
693,383
694,434
695,388
696,402
697,391
698,404
699,391
700,401
701,361
702,390
703,375
704,391
705,410
706,358
707,386
708,364
709,356
710,390
711,396
712,416
713,410
714,411
715,404
716,389
717,384
718,377
719,424
720,410
721,376
722,407
723,404
724,382
725,355
726,348
727,377
728,386
729,408
730,402
731,389
732,407
733,414
734,346
735,373
736,377
737,383
738,402
739,363
740,410
741,382
742,369
743,365
744,362
745,368
746,378
747,375
748,377
749,387
750,362
751,349
752,397
753,376
754,383
755,361
756,386
757,376
758,359
759,373
760,394
761,406
762,404
763,391
764,379
765,344
766,380
767,347
768,397
769,368
770,378
771,409
772,385
773,384
774,371
775,372
776,366
777,414
778,363
779,382
780,377
781,383
782,330
783,367
784,364
785,362
786,348
787,423
788,394
789,391
790,347
791,373
792,356
793,345
794,379
795,396
796,365
797,367
798,374
799,370
800,370
801,387
802,356
803,398
804,394
805,339
806,362
807,360
808,346
809,385
810,397
811,364
812,356
813,377
814,367
815,365
816,355
817,461
818,369
819,363
820,348
821,320
822,350
823,362
824,357
825,378
826,380
827,320
828,376
829,364
830,364
831,367
832,284
833,325
834,363
835,353
836,350
837,367
838,358
839,367
840,380
841,313
842,382
843,385
844,338
845,326
846,341
847,353
848,322
849,346
850,375
851,358
852,301
853,342
854,353
855,331
856,362
857,319
858,304
859,367
860,345
861,356
862,333
863,361
864,351
865,356
866,332
867,353
868,300
869,336
870,336
871,331
872,363
873,344
874,313
875,340
876,337
877,357
878,321
879,313
880,300
881,314
882,321
883,334
884,324
885,352
886,340
887,342
888,366
889,305
890,333
891,364
892,351
893,375
894,379
895,344
896,323
897,334
898,291
899,333
900,345
901,336
902,333
903,314
904,358
905,318
906,342
907,333
908,349
909,347
910,336
911,352
912,320
913,348
914,332
915,311
916,284
917,346
918,346
919,363
920,337
921,341
922,356
923,353
924,329
925,317
926,337
927,314
928,313
929,348
930,339
931,291
932,299
933,328
934,334
935,296
936,356
937,360
938,361
939,343
940,350
941,368
942,378
943,388
944,424
945,436
946,376
947,298
948,348
949,340
950,327
951,317
952,330
953,356
954,347
955,327
956,339
957,318
958,329
959,316
960,320
961,334
962,307
963,332
964,329
965,288
966,312
967,344
968,321
969,300
970,316
971,304
972,298
973,288
974,301
975,342
976,316
977,325
978,293
979,301
980,299
981,301
982,329
983,343
984,311
985,335
986,307
987,352
988,300
989,301
990,311
991,286
992,306
993,349
994,311
995,300
996,289
997,274
998,299
999,359
1000,321
>BsaWI_BstDSI
0,50
1,0
2,0
3,0
4,0
5,0
6,1831
7,1708
8,1538
9,1892
10,2131
11,1440
12,1658
13,1498
14,1376
15,2002
16,2003
17,1972
18,2175
19,1666
20,2004
21,1628
22,1749
23,1806
24,1779
25,2397
26,1581
27,1653
28,1507
29,1509
30,1933
31,1707
32,1945
33,2196
34,1374
35,1511
36,1674
37,1595
38,1507
39,1726
40,1739
41,1651
42,1629
43,1623
44,1541
45,2569
46,1330
47,1318
48,1454
49,1456
50,1539
51,2271
52,1439
53,1623
54,1748
55,1773
56,1369
57,1389
58,1356
59,1279
60,1406
61,1203
62,1291
63,1329
64,1405
65,1399
66,1331
67,1334
68,1169
69,1272
70,1272
71,1229
72,1266
73,1194
74,1229
75,1176
76,1198
77,1126
78,1409
79,1149
80,1147
81,1219
82,1167
83,1124
84,1264
85,1181
86,1160
87,1200
88,1175
89,1128
90,1337
91,1159
92,1132
93,1180
94,1154
95,1053
96,1175
97,1060
98,1174
99,1161
100,1218
101,1426
102,1181
103,1100
104,1117
105,1093
106,1070
107,1056
108,1186
109,1282
110,995
111,1101
112,1000
113,1038
114,1025
115,984
116,969
117,984
118,1052
119,1094
120,1020
121,996
122,1124
123,981
124,1078
125,1013
126,1040
127,946
128,975
129,1028
130,1046
131,1073
132,1082
133,1072
134,968
135,1030
136,971
137,890
138,1028
139,1010
140,963
141,1060
142,961
143,930
144,1024
145,1080
146,1183
147,1092
148,1062
149,982
150,964
151,930
152,862
153,955
154,969
155,1012
156,1136
157,1061
158,940
159,905
160,939
161,938
162,926
163,971
164,1063
165,1028
166,910
167,947
168,981
169,945
170,1026
171,959
172,918
173,815
174,888
175,898
176,911
177,958
178,896
179,883
180,869
181,875
182,961
183,918
184,906
185,953
186,1037
187,1039
188,988
189,1008
190,849
191,828
192,921
193,841
194,868
195,881
196,909
197,921
198,884
199,873
200,847
201,844
202,859
203,859
204,824
205,837
206,834
207,836
208,864
209,831
210,878
211,979
212,978
213,839
214,846
215,844
216,873
217,771
218,773
219,807
220,916
221,824
222,826
223,792
224,829
225,845
226,864
227,841
228,852
229,972
230,829
231,966
232,825
233,844
234,910
235,936
236,811
237,829
238,790
239,779
240,795
241,793
242,829
243,810
244,794
245,809
246,840
247,814
248,794
249,807
250,805
251,843
252,835
253,769
254,781
255,837
256,804
257,891
258,945
259,892
260,799
261,763
262,793
263,806
264,744
265,758
266,805
267,777
268,766
269,780
270,776
271,780
272,789
273,771
274,804
275,851
276,884
277,1048
278,1605
279,2137
280,1135
281,906
282,867
283,788
284,796
285,718
286,830
287,772
288,780
289,818
290,889
291,928
292,889
293,946
294,991
295,1010
296,1145
297,1430
298,950
299,813
300,816
301,806
302,754
303,727
304,706
305,732
306,765
307,725
308,746
309,768
310,751
311,701
312,690
313,676
314,744
315,683
316,715
317,689
318,734
319,721
320,736
321,759
322,689
323,717
324,705
325,727
326,698
327,686
328,745
329,655
330,692
331,763
332,1247
333,961
334,968
335,758
336,729
337,704
338,773
339,640
340,645
341,702
342,758
343,645
344,694
345,689
346,664
347,641
348,616
349,642
350,640
351,673
352,676
353,620
354,696
355,671
356,656
357,703
358,638
359,737
360,677
361,640
362,630
363,653
364,658
365,641
366,671
367,666
368,682
369,653
370,652
371,616
372,674
373,624
374,658
375,611
376,653
377,602
378,667
379,648
380,681
381,647
382,650
383,645
384,601
385,622
386,628
387,628
388,678
389,685
390,608
391,620
392,625
393,653
394,631
395,642
396,662
397,647
398,597
399,583
400,632
401,620
402,617
403,614
404,590
405,660
406,627
407,605
408,648
409,589
410,599
411,592
412,645
413,626
414,622
415,660
416,657
417,627
418,648
419,631
420,648
421,669
422,745
423,737
424,631
425,677
426,625
427,642
428,613
429,659
430,627
431,616
432,578
433,623
434,647
435,638
436,620
437,602
438,622
439,621
440,606
441,580
442,641
443,563
444,626
445,612
446,603
447,630
448,601
449,591
450,610
451,627
452,619
453,593
454,648
455,691
456,748
457,641
458,641
459,573
460,617
461,606
462,581
463,590
464,575
465,605
466,581
467,576
468,609
469,521
470,579
471,571
472,596
473,622
474,558
475,560
476,558
477,578
478,566
479,523
480,600
481,583
482,571
483,587
484,582
485,585
486,583
487,566
488,570
489,566
490,623
491,555
492,597
493,577
494,568
495,556
496,557
497,551
498,540
499,574
500,587
501,527
502,570
503,586
504,560
505,554
506,563
507,563
508,542
509,567
510,537
511,574
512,512
513,575
514,529
515,548
516,557
517,520
518,575
519,537
520,575
521,527
522,590
523,619
524,544
525,551
526,558
527,551
528,533
529,541
530,593
531,532
532,636
533,558
534,538
535,538
536,575
537,560
538,514
539,569
540,530
541,548
542,525
543,501
544,521
545,528
546,564
547,568
548,571
549,565
550,516
551,531
552,506
553,513
554,526
555,541
556,570
557,593
558,543
559,559
560,557
561,539
562,530
563,500
564,585
565,487
566,555
567,540
568,501
569,503
570,499
571,536
572,520
573,532
574,592
575,517
576,544
577,512
578,552
579,525
580,509
581,510
582,479
583,505
584,517
585,550
586,512
587,514
588,499
589,486
590,482
591,558
592,521
593,507
594,527
595,508
596,532
597,495
598,529
599,491
600,566
601,498
602,526
603,531
604,478
605,527
606,492
607,522
608,501
609,503
610,490
611,503
612,555
613,509
614,497
615,525
616,494
617,500
618,510
619,498
620,492
621,552
622,507
623,505
624,492
625,533
626,501
627,512
628,502
629,468
630,497
631,483
632,482
633,497
634,499
635,481
636,492
637,459
638,454
639,474
640,498
641,503
642,482
643,473
644,500
645,505
646,465
647,463
648,466
649,493
650,498
651,534
652,508
653,463
654,479
655,477
656,519
657,539
658,493
659,456
660,437
661,468
662,492
663,427
664,487
665,441
666,486
667,462
668,474
669,472
670,508
671,457
672,454
673,450
674,507
675,509
676,487
677,463
678,461
679,493
680,490
681,493
682,533
683,501
684,557
685,502
686,461
687,452
688,453
689,472
690,473
691,502
692,505
693,479
694,486
695,558
696,695
697,514
698,530
699,482
700,437
701,446
702,429
703,470
704,444
705,468
706,446
707,468
708,456
709,426
710,514
711,457
712,468
713,460
714,473
715,503
716,448
717,479
718,483
719,433
720,468
721,499
722,438
723,464
724,483
725,449
726,430
727,483
728,446
729,436
730,444
731,470
732,456
733,475
734,476
735,451
736,422
737,460
738,448
739,431
740,428
741,480
742,484
743,476
744,477
745,448
746,403
747,435
748,433
749,434
750,431
751,477
752,458
753,462
754,457
755,407
756,459
757,439
758,418
759,451
760,455
761,436
762,404
763,419
764,417
765,383
766,437
767,389
768,418
769,495
770,414
771,450
772,483
773,446
774,455
775,419
776,433
777,404
778,430
779,436
780,405
781,387
782,422
783,416
784,428
785,411
786,416
787,425
788,427
789,405
790,454
791,452
792,425
793,462
794,448
795,453
796,480
797,447
798,440
799,431
800,455
801,449
802,466
803,399
804,468
805,383
806,433
807,403
808,416
809,390
810,414
811,494
812,438
813,447
814,426
815,430
816,443
817,432
818,413
819,445
820,429
821,431
822,429
823,427
824,421
825,459
826,386
827,439
828,458
829,395
830,397
831,416
832,420
833,401
834,379
835,422
836,417
837,414
838,465
839,487
840,463
841,480
842,568
843,463
844,447
845,435
846,381
847,409
848,428
849,430
850,410
851,466
852,403
853,427
854,452
855,389
856,412
857,407
858,436
859,438
860,410
861,451
862,438
863,401
864,428
865,399
866,411
867,442
868,403
869,426
870,421
871,384
872,413
873,417
874,425
875,379
876,400
877,444
878,422
879,396
880,402
881,462
882,398
883,401
884,388
885,415
886,438
887,421
888,428
889,411
890,424
891,416
892,407
893,370
894,420
895,417
896,388
897,438
898,385
899,392
900,367
901,356
902,372
903,407
904,419
905,380
906,363
907,388
908,426
909,403
910,447
911,403
912,443
913,386
914,419
915,407
916,419
917,418
918,394
919,387
920,425
921,370
922,388
923,415
924,413
925,378
926,374
927,416
928,397
929,374
930,396
931,397
932,383
933,385
934,437
935,389
936,407
937,386
938,421
939,386
940,422
941,414
942,481
943,521
944,442
945,420
946,411
947,383
948,463
949,369
950,434
951,436
952,445
953,420
954,365
955,405
956,418
957,383
958,466
959,420
960,441
961,398
962,388
963,389
964,381
965,365
966,369
967,414
968,374
969,388
970,384
971,394
972,410
973,358
974,403
975,385
976,408
977,393
978,372
979,408
980,381
981,373
982,397
983,373
984,367
985,352
986,386
987,381
988,352
989,365
990,398
991,362
992,358
993,352
994,368
995,353
996,403
997,396
998,392
999,388
1000,385
>Ama87I_BstDSI
0,50
1,0
2,0
3,0
4,0
5,0
6,3956
7,3857
8,3747
9,4106
10,3926
11,3068
12,3269
13,3545
14,2931
15,3758
16,3559
17,3880
18,4617
19,3378
20,3648
21,3250
22,3343
23,4330
24,3993
25,3891
26,3657
27,3526
28,3469
29,3650
30,3593
31,5968
32,54097
33,5222
34,3258
35,3227
36,4719
37,3169
38,3045
39,3184
40,3740
41,3378
42,3803
43,2934
44,3268
45,2853
46,2733
47,2705
48,2795
49,2949
50,4531
51,3413
52,2909
53,2774
54,3186
55,2815
56,2827
57,2730
58,2514
59,2455
60,2633
61,2360
62,2540
63,3147
64,2606
65,2594
66,2484
67,2553
68,3379
69,2272
70,2446
71,2297
72,2334
73,2271
74,2235
75,2642
76,2800
77,2838
78,2570
79,2466
80,2263
81,2461
82,3307
83,2208
84,2245
85,2282
86,2122
87,2233
88,2219
89,2115
90,2248
91,2101
92,2154
93,2203
94,2150
95,2870
96,2246
97,2124
98,2037
99,2076
100,2142
101,2401
102,2093
103,2062
104,2063
105,2067
106,2112
107,2279
108,2676
109,2721
110,2275
111,2207
112,1993
113,1970
114,1933
115,1977
116,1846
117,1898
118,2021
119,1933
120,1954
121,1861
122,1875
123,1799
124,1975
125,2146
126,2230
127,2295
128,2047
129,2089
130,1948
131,1978
132,1899
133,1896
134,1979
135,1923
136,1887
137,1841
138,1829
139,1874
140,1936
141,2219
142,1960
143,1909
144,1861
145,1780
146,1957
147,1897
148,1787
149,1777
150,1833
151,1689
152,1621
153,1766
154,1839
155,1794
156,1845
157,2035
158,1913
159,1833
160,1783
161,2061
162,2309
163,2330
164,2058
165,2053
166,1889
167,1795
168,1824
169,1822
170,1960
171,2766
172,1786
173,1640
174,1692
175,1861
176,1859
177,1752
178,1793
179,1638
180,1608
181,1626
182,1627
183,1631
184,1597
185,1652
186,1843
187,1802
188,1691
189,1714
190,1614
191,1544
192,1685
193,1697
194,1920
195,2028
196,1754
197,1782
198,1817
199,1684
200,1670
201,1695
202,1876
203,1672
204,1521
205,1587
206,1619
207,1617
208,1683
209,1706
210,1668
211,1724
212,1710
213,1565
214,1520
215,1595
216,1576
217,1444
218,1493
219,1518
220,1596
221,1651
222,1518
223,1486
224,1502
225,1556
226,1518
227,1498
228,1495
229,1637
230,1542
231,1598
232,2126
233,1622
234,1611
235,1549
236,1492
237,1594
238,1465
239,1444
240,1527
241,1484
242,1481
243,1481
244,1478
245,1453
246,1527
247,1504
248,1534
249,1448
250,1476
251,1564
252,1509
253,1439
254,1447
255,1500
256,1516
257,1727
258,1576
259,1537
260,1454
261,1462
262,1479
263,1526
264,1449
265,1471
266,1501
267,1460
268,1517
269,1478
270,1538
271,1509
272,1472
273,1484
274,1464
275,1604
276,1579
277,1777
278,2265
279,2854
280,1824
281,1570
282,1556
283,1519
284,1503
285,1510
286,1490
287,1375
288,1443
289,1475
290,1540
291,1615
292,1665
293,1575
294,1695
295,1668
296,1823
297,2113
298,1655
299,1443
300,1463
301,1556
302,1460
303,1432
304,1417
305,1561
306,1417
307,1347
308,1393
309,1417
310,1364
311,1395
312,1410
313,1391
314,1392
315,1378
316,1308
317,1345
318,1301
319,1239
320,1390
321,1321
322,1309
323,1273
324,1327
325,1335
326,1331
327,1318
328,1382
329,1354
330,1346
331,1317
332,1340
333,1374
334,3096
335,1509
336,1381
337,1376
338,1746
339,1527
340,2006
341,1519
342,1546
343,1305
344,1328
345,1407
346,2489
347,1257
348,1225
349,1226
350,1264
351,1280
352,1370
353,1243
354,1253
355,1222
356,1231
357,1311
358,1231
359,1253
360,1219
361,1234
362,1195
363,1160
364,1247
365,1198
366,1229
367,1255
368,1174
369,1233
370,1271
371,1176
372,1220
373,1129
374,1176
375,1229
376,1228
377,1273
378,1190
379,1169
380,1243
381,1256
382,1126
383,1199
384,1090
385,1205
386,1163
387,1132
388,1174
389,1132
390,1147
391,1154
392,1211
393,1188
394,1203
395,1147
396,1190
397,1162
398,1117
399,1116
400,1132
401,1152
402,1121
403,1182
404,1141
405,1146
406,1151
407,1113
408,1218
409,1116
410,1117
411,1029
412,1164
413,1171
414,1212
415,1233
416,1221
417,1145
418,1207
419,1176
420,1143
421,1210
422,1239
423,1216
424,1135
425,1184
426,1106
427,1119
428,1087
429,1220
430,1101
431,1024
432,1084
433,1114
434,1107
435,1084
436,1101
437,1159
438,1185
439,1120
440,1147
441,1201
442,1123
443,1136
444,1117
445,1134
446,1106
447,1075
448,1089
449,1079
450,1112
451,1141
452,1114
453,1108
454,1114
455,1164
456,1171
457,1096
458,1099
459,1019
460,1093
461,1094
462,1088
463,1072
464,1125
465,1050
466,1006
467,1085
468,1100
469,1040
470,1041
471,1095
472,992
473,1048
474,1050
475,1129
476,1097
477,1014
478,1038
479,1087
480,1094
481,1054
482,1137
483,1972
484,1111
485,1025
486,1056
487,1058
488,1008
489,999
490,1086
491,942
492,1036
493,1037
494,1045
495,1053
496,984
497,987
498,1026
499,1062
500,1014
501,1052
502,1088
503,1030
504,1060
505,1035
506,1006
507,1075
508,974
509,1058
510,1006
511,1043
512,973
513,1060
514,983
515,979
516,1011
517,1083
518,1013
519,933
520,1019
521,958
522,953
523,962
524,939
525,992
526,952
527,943
528,918
529,944
530,962
531,953
532,971
533,953
534,965
535,1006
536,969
537,949
538,973
539,942
540,940
541,918
542,928
543,957
544,974
545,925
546,969
547,953
548,957
549,953
550,934
551,884
552,869
553,968
554,941
555,921
556,938
557,1000
558,968
559,926
560,1019
561,968
562,947
563,915
564,905
565,863
566,914
567,901
568,929
569,911
570,892
571,900
572,918
573,908
574,921
575,909
576,956
577,924
578,933
579,916
580,930
581,912
582,877
583,920
584,901
585,925
586,861
587,930
588,871
589,882
590,893
591,888
592,987
593,949
594,911
595,916
596,883
597,895
598,932
599,892
600,924
601,923
602,842
603,922
604,980
605,996
606,941
607,927
608,953
609,890
610,865
611,1000
612,900
613,895
614,917
615,946
616,883
617,924
618,868
619,822
620,962
621,922
622,899
623,894
624,866
625,852
626,869
627,842
628,850
629,851
630,893
631,798
632,834
633,889
634,862
635,817
636,889
637,806
638,866
639,863
640,773
641,836
642,778
643,818
644,855
645,805
646,860
647,793
648,800
649,864
650,858
651,844
652,850
653,845
654,849
655,882
656,814
657,861
658,786
659,808
660,800
661,832
662,774
663,841
664,812
665,747
666,865
667,786
668,782
669,818
670,869
671,798
672,804
673,816
674,802
675,814
676,863
677,839
678,781
679,853
680,898
681,804
682,826
683,842
684,833
685,810
686,760
687,788
688,757
689,796
690,793
691,786
692,787
693,786
694,773
695,746
696,801
697,787
698,829
699,779
700,784
701,778
702,740
703,775
704,806
705,774
706,771
707,763
708,765
709,743
710,774
711,832
712,823
713,754
714,758
715,814
716,744
717,763
718,767
719,809
720,760
721,758
722,720
723,748
724,760
725,730
726,771
727,772
728,773
729,793
730,788
731,752
732,781
733,798
734,743
735,747
736,783
737,789
738,778
739,726
740,751
741,793
742,768
743,785
744,751
745,710
746,710
747,761
748,771
749,708
750,710
751,744
752,755
753,700
754,774
755,723
756,727
757,718
758,736
759,781
760,717
761,756
762,722
763,719
764,713
765,722
766,696
767,698
768,751
769,766
770,692
771,756
772,790
773,716
774,745
775,735
776,750
777,792
778,736
779,727
780,721
781,708
782,705
783,695
784,700
785,721
786,716
787,723
788,723
789,707
790,729
791,729
792,727
793,669
794,750
795,692
796,712
797,687
798,773
799,695
800,722
801,760
802,721
803,701
804,700
805,706
806,720
807,701
808,667
809,673
810,729
811,733
812,690
813,698
814,721
815,690
816,717
817,830
818,734
819,733
820,673
821,702
822,702
823,693
824,698
825,736
826,685
827,683
828,797
829,868
830,716
831,685
832,682
833,652
834,691
835,685
836,678
837,676
838,730
839,688
840,721
841,680
842,777
843,706
844,704
845,705
846,623
847,631
848,645
849,657
850,660
851,725
852,711
853,669
854,650
855,622
856,696
857,678
858,693
859,714
860,654
861,699
862,709
863,712
864,673
865,682
866,637
867,700
868,674
869,698
870,632
871,669
872,691
873,668
874,663
875,678
876,659
877,689
878,637
879,616
880,626
881,686
882,621
883,647
884,621
885,662
886,633
887,675
888,657
889,691
890,597
891,694
892,664
893,637
894,656
895,644
896,596
897,690
898,630
899,607
900,577
901,655
902,610
903,664
904,629
905,598
906,631
907,592
908,641
909,632
910,656
911,651
912,652
913,645
914,670
915,678
916,593
917,642
918,595
919,608
920,600
921,640
922,596
923,635
924,634
925,650
926,582
927,614
928,618
929,604
930,629
931,613
932,619
933,610
934,649
935,629
936,592
937,643
938,607
939,630
940,608
941,637
942,692
943,692
944,692
945,692
946,602
947,580
948,660
949,607
950,610
951,622
952,629
953,652
954,613
955,657
956,676
957,671
958,654
959,633
960,609
961,644
962,589
963,592
964,608
965,572
966,607
967,622
968,601
969,603
970,628
971,623
972,589
973,583
974,611
975,623
976,605
977,649
978,549
979,580
980,601
981,597
982,591
983,608
984,604
985,599
986,614
987,615
988,580
989,565
990,598
991,594
992,584
993,620
994,583
995,570
996,621
997,626
998,597
999,591
1000,554
